Date_Range_DIF,Date_Range_STD,Abort_Timing,Record Name,RMSE_cal,RMSE_std,Beam_Max,MaxRSE_std,Max_Pre,Max_Sel_Pre,Avg_Sel_Pre,Max_Cal,Avg_Cal,RMSE_STEP_Max,STEP_Max_Avg,RMSE_STEP_Mean,STEP_Mean_Avg,W0_std,W1_std,W2_std,W0_dif,W1_dif,W2_dif,RMSE_dif,MaxRMSE_dif,Cause_no
20240410112500-20240410172242,20240402000000-20240405000000,2024-04-10 17:20:42,Dummy,1.00e-08,1.00e-08,7.110e+02,1.00e-08,1.00e-08,1.00e-08,1.00e-08,1.00e-08,1.00e-08,1.00e-08,1.00e-08,1.00e-08,1.00e-08,1.00e-08,1.00e-08,1.00e-08,1.00e-08,1.00e-08,1.00e-08,1.00e-08,1.00e-08,0.
20240410112500-20240410172242,20240402000000-20240405000000,2024-04-10 17:20:42,Dummy,1.00e-08,1.00e-08,7.110e+02,1.00e-08,1.00e-08,1.00e-08,1.00e-08,1.00e-08,1.00e-08,1.00e-08,1.00e-08,1.00e-08,1.00e-08,1.00e-08,1.00e-08,1.00e-08,1.00e-08,1.00e-08,1.00e-08,1.00e-08,1.00e-08,0.
20240410112500-20240410172242,20240402000000-20240405000000,2024-04-10 17:20:42,Dummy,1.00e-08,1.00e-08,7.110e+02,1.00e-08,1.00e-08,1.00e-08,1.00e-08,1.00e-08,1.00e-08,1.00e-08,1.00e-08,1.00e-08,1.00e-08,1.00e-08,1.00e-08,1.00e-08,1.00e-08,1.00e-08,1.00e-08,1.00e-08,1.00e-08,0.
20240410112500-20240410172242,20240402000000-20240405000000,2024-04-10 17:20:42,Dummy,1.00e-08,1.00e-08,7.110e+02,1.00e-08,1.00e-08,1.00e-08,1.00e-08,1.00e-08,1.00e-08,1.00e-08,1.00e-08,1.00e-08,1.00e-08,1.00e-08,1.00e-08,1.00e-08,1.00e-08,1.00e-08,1.00e-08,1.00e-08,1.00e-08,0.
20240410112500-20240410172242,20240402000000-20240405000000,2024-04-10 17:20:42,Dummy,1.00e-08,1.00e-08,7.110e+02,1.00e-08,1.00e-08,1.00e-08,1.00e-08,1.00e-08,1.00e-08,1.00e-08,1.00e-08,1.00e-08,1.00e-08,1.00e-08,1.00e-08,1.00e-08,1.00e-08,1.00e-08,1.00e-08,1.00e-08,1.00e-08,0.
20240410112500-20240410172242,20240402000000-20240405000000,2024-04-10 17:20:42,Dummy,1.00e-08,1.00e-08,7.110e+02,1.00e-08,1.00e-08,1.00e-08,1.00e-08,1.00e-08,1.00e-08,1.00e-08,1.00e-08,1.00e-08,1.00e-08,1.00e-08,1.00e-08,1.00e-08,1.00e-08,1.00e-08,1.00e-08,1.00e-08,1.00e-08,0.
20240410112500-20240410172242,20240402000000-20240405000000,2024-04-10 17:20:42,Dummy,1.00e-08,1.00e-08,7.110e+02,1.00e-08,1.00e-08,1.00e-08,1.00e-08,1.00e-08,1.00e-08,1.00e-08,1.00e-08,1.00e-08,1.00e-08,1.00e-08,1.00e-08,1.00e-08,1.00e-08,1.00e-08,1.00e-08,1.00e-08,1.00e-08,0.
20240410112500-20240410172242,20240402000000-20240405000000,2024-04-10 17:20:42,Dummy,1.00e-08,1.00e-08,7.110e+02,1.00e-08,1.00e-08,1.00e-08,1.00e-08,1.00e-08,1.00e-08,1.00e-08,1.00e-08,1.00e-08,1.00e-08,1.00e-08,1.00e-08,1.00e-08,1.00e-08,1.00e-08,1.00e-08,1.00e-08,1.00e-08,0.
20240410112500-20240410172242,20240402000000-20240405000000,2024-04-10 17:20:42,Dummy,1.00e-08,1.00e-08,7.110e+02,1.00e-08,1.00e-08,1.00e-08,1.00e-08,1.00e-08,1.00e-08,1.00e-08,1.00e-08,1.00e-08,1.00e-08,1.00e-08,1.00e-08,1.00e-08,1.00e-08,1.00e-08,1.00e-08,1.00e-08,1.00e-08,0.
20240410112500-20240410172242,20240402000000-20240405000000,2024-04-10 17:20:42,Dummy,1.00e-08,1.00e-08,7.110e+02,1.00e-08,1.00e-08,1.00e-08,1.00e-08,1.00e-08,1.00e-08,1.00e-08,1.00e-08,1.00e-08,1.00e-08,1.00e-08,1.00e-08,1.00e-08,1.00e-08,1.00e-08,1.00e-08,1.00e-08,1.00e-08,0.
20240410112500-20240410172242,20240402000000-20240405000000,2024-04-10 17:20:42,Dummy,1.00e-08,1.00e-08,7.110e+02,1.00e-08,1.00e-08,1.00e-08,1.00e-08,1.00e-08,1.00e-08,1.00e-08,1.00e-08,1.00e-08,1.00e-08,1.00e-08,1.00e-08,1.00e-08,1.00e-08,1.00e-08,1.00e-08,1.00e-08,1.00e-08,0.
20240410112500-20240410172242,20240402000000-20240405000000,2024-04-10 17:20:42,Dummy,1.00e-08,1.00e-08,7.110e+02,1.00e-08,1.00e-08,1.00e-08,1.00e-08,1.00e-08,1.00e-08,1.00e-08,1.00e-08,1.00e-08,1.00e-08,1.00e-08,1.00e-08,1.00e-08,1.00e-08,1.00e-08,1.00e-08,1.00e-08,1.00e-08,0.
20240410112500-20240410172242,20240402000000-20240405000000,2024-04-10 17:20:42,Dummy,1.00e-08,1.00e-08,7.110e+02,1.00e-08,1.00e-08,1.00e-08,1.00e-08,1.00e-08,1.00e-08,1.00e-08,1.00e-08,1.00e-08,1.00e-08,1.00e-08,1.00e-08,1.00e-08,1.00e-08,1.00e-08,1.00e-08,1.00e-08,1.00e-08,0.
20240410112500-20240410172242,20240402000000-20240405000000,2024-04-10 17:20:42,Dummy,1.00e-08,1.00e-08,7.110e+02,1.00e-08,1.00e-08,1.00e-08,1.00e-08,1.00e-08,1.00e-08,1.00e-08,1.00e-08,1.00e-08,1.00e-08,1.00e-08,1.00e-08,1.00e-08,1.00e-08,1.00e-08,1.00e-08,1.00e-08,1.00e-08,0.
20240418163100-20240418171054,20240410000000-20240413000000,2024-04-18 17:08:54,Dummy,1.00e-08,1.00e-08,7.900e+01,1.00e-08,1.00e-08,1.00e-08,1.00e-08,1.00e-08,1.00e-08,1.00e-08,1.00e-08,1.00e-08,1.00e-08,1.00e-08,1.00e-08,1.00e-08,1.00e-08,1.00e-08,1.00e-08,1.00e-08,1.00e-08,0.
20240420141430-20240420201211,20240412000000-20240415000000,2024-04-20 20:10:11,Dummy,1.00e-08,1.00e-08,7.150e+02,1.00e-08,1.00e-08,1.00e-08,1.00e-08,1.00e-08,1.00e-08,1.00e-08,1.00e-08,1.00e-08,1.00e-08,1.00e-08,1.00e-08,1.00e-08,1.00e-08,1.00e-08,1.00e-08,1.00e-08,1.00e-08,0.
20240420141430-20240420201211,20240412000000-20240415000000,2024-04-20 20:10:11,Dummy,1.00e-08,1.00e-08,7.150e+02,1.00e-08,1.00e-08,1.00e-08,1.00e-08,1.00e-08,1.00e-08,1.00e-08,1.00e-08,1.00e-08,1.00e-08,1.00e-08,1.00e-08,1.00e-08,1.00e-08,1.00e-08,1.00e-08,1.00e-08,1.00e-08,0.
20240420175030-20240420234802,20240412000000-20240415000000,2024-04-20 23:46:02,Dummy,1.00e-08,1.00e-08,7.150e+02,1.00e-08,1.00e-08,1.00e-08,1.00e-08,1.00e-08,1.00e-08,1.00e-08,1.00e-08,1.00e-08,1.00e-08,1.00e-08,1.00e-08,1.00e-08,1.00e-08,1.00e-08,1.00e-08,1.00e-08,1.00e-08,0.
20240420211100-20240421030831,20240413000000-20240416000000,2024-04-21 03:06:31,Dummy,1.00e-08,1.00e-08,7.150e+02,1.00e-08,1.00e-08,1.00e-08,1.00e-08,1.00e-08,1.00e-08,1.00e-08,1.00e-08,1.00e-08,1.00e-08,1.00e-08,1.00e-08,1.00e-08,1.00e-08,1.00e-08,1.00e-08,1.00e-08,1.00e-08,0.
20240421122630-20240421182401,20240413000000-20240416000000,2024-04-21 18:22:01,Dummy,1.00e-08,1.00e-08,7.150e+02,1.00e-08,1.00e-08,1.00e-08,1.00e-08,1.00e-08,1.00e-08,1.00e-08,1.00e-08,1.00e-08,1.00e-08,1.00e-08,1.00e-08,1.00e-08,1.00e-08,1.00e-08,1.00e-08,1.00e-08,1.00e-08,0.
20240422102000-20240422161755,20240414000000-20240417000000,2024-04-22 16:15:55,Dummy,1.00e-08,1.00e-08,7.150e+02,1.00e-08,1.00e-08,1.00e-08,1.00e-08,1.00e-08,1.00e-08,1.00e-08,1.00e-08,1.00e-08,1.00e-08,1.00e-08,1.00e-08,1.00e-08,1.00e-08,1.00e-08,1.00e-08,1.00e-08,1.00e-08,0.
20240423020200-20240423075936,20240415000000-20240418000000,2024-04-23 07:57:36,Dummy,1.00e-08,1.00e-08,7.150e+02,1.00e-08,1.00e-08,1.00e-08,1.00e-08,1.00e-08,1.00e-08,1.00e-08,1.00e-08,1.00e-08,1.00e-08,1.00e-08,1.00e-08,1.00e-08,1.00e-08,1.00e-08,1.00e-08,1.00e-08,1.00e-08,0.
20240501102500-20240501162255,20240423000000-20240426000000,2024-05-01 16:20:55,Dummy,1.00e-08,1.00e-08,7.150e+02,1.00e-08,1.00e-08,1.00e-08,1.00e-08,1.00e-08,1.00e-08,1.00e-08,1.00e-08,1.00e-08,1.00e-08,1.00e-08,1.00e-08,1.00e-08,1.00e-08,1.00e-08,1.00e-08,1.00e-08,1.00e-08,0.
20240515210830-20240515211247,20240507000000-20240510000000,2024-05-15 21:10:47,Dummy,1.00e-08,1.00e-08,8.000e+00,1.00e-08,1.00e-08,1.00e-08,1.00e-08,1.00e-08,1.00e-08,1.00e-08,1.00e-08,1.00e-08,1.00e-08,1.00e-08,1.00e-08,1.00e-08,1.00e-08,1.00e-08,1.00e-08,1.00e-08,1.00e-08,0.
20240516131030-20240516172936,20240508000000-20240511000000,2024-05-16 17:27:36,Dummy,1.00e-08,1.00e-08,5.180e+02,1.00e-08,1.00e-08,1.00e-08,1.00e-08,1.00e-08,1.00e-08,1.00e-08,1.00e-08,1.00e-08,1.00e-08,1.00e-08,1.00e-08,1.00e-08,1.00e-08,1.00e-08,1.00e-08,1.00e-08,1.00e-08,0.
