Date_Range_DIF,Date_Range_STD,Abort_Timing,Record Name,RMSE_cal,RMSE_std,Beam_Max,MaxRSE_std,Max_Pre,Avg_Pre,Max_Cal,Avg_Cal,Max_Raw_Pre,Avg_Raw_Pre,Max_STD_Raw_Pre,Avg_STD_Raw_Pre,W0_std,W1_std,W2_std,W3_std,W4_std,W0_dif,W1_dif,W2_dif,W3_dif,W4_dif,RMSE_dif,MaxRSE_dif,Cause_no
20240410182430-20240411002223,20240403000000-20240406000000,2024-04-11 00:20:23,Dummy,1.00e-01,1.00e-02,0.000e+00,1.00e-01,1.00e-01,1.00e-01,1.00e-01,1.00e-01,1.00e-07,1.00e-07,1.00e-07,1.00e-07,1.00e-07,1.00e-07,1.00e-07,1.00e-07,0.,1.00e-07,1.00e-07,1.00e-07,1.00e-07,0.,1.00e-07,1.00e-07,0
20240417082600-20240417142354,20240409000000-20240412000000,2024-04-17 14:21:54,Dummy,1.00e-01,1.00e-02,0.000e+00,1.00e-01,1.00e-01,1.00e-01,1.00e-01,1.00e-01,1.00e-07,1.00e-07,1.00e-07,1.00e-07,1.00e-07,1.00e-07,1.00e-07,1.00e-07,0.,1.00e-07,1.00e-07,1.00e-07,1.00e-07,0.,1.00e-07,1.00e-07,0
20240417110430-20240417170223,20240409000000-20240412000000,2024-04-17 17:00:23,Dummy,1.00e-01,1.00e-02,0.000e+00,1.00e-01,1.00e-01,1.00e-01,1.00e-01,1.00e-01,1.00e-07,1.00e-07,1.00e-07,1.00e-07,1.00e-07,1.00e-07,1.00e-07,1.00e-07,0.,1.00e-07,1.00e-07,1.00e-07,1.00e-07,0.,1.00e-07,1.00e-07,0
20240423015930-20240423075713,20240415000000-20240418000000,2024-04-23 07:55:13,Dummy,1.00e-01,1.00e-02,0.000e+00,1.00e-01,1.00e-01,1.00e-01,1.00e-01,1.00e-01,1.00e-07,1.00e-07,1.00e-07,1.00e-07,1.00e-07,1.00e-07,1.00e-07,1.00e-07,0.,1.00e-07,1.00e-07,1.00e-07,1.00e-07,0.,1.00e-07,1.00e-07,0
20240501102500-20240501162255,20240423000000-20240426000000,2024-05-01 16:20:55,Dummy,1.00e-01,1.00e-02,0.000e+00,1.00e-01,1.00e-01,1.00e-01,1.00e-01,1.00e-01,1.00e-07,1.00e-07,1.00e-07,1.00e-07,1.00e-07,1.00e-07,1.00e-07,1.00e-07,0.,1.00e-07,1.00e-07,1.00e-07,1.00e-07,0.,1.00e-07,1.00e-07,0
20240515083900-20240515143700,20240507000000-20240510000000,2024-05-15 14:35:00,Dummy,1.00e-01,1.00e-02,0.000e+00,1.00e-01,1.00e-01,1.00e-01,1.00e-01,1.00e-01,1.00e-07,1.00e-07,1.00e-07,1.00e-07,1.00e-07,1.00e-07,1.00e-07,1.00e-07,0.,1.00e-07,1.00e-07,1.00e-07,1.00e-07,0.,1.00e-07,1.00e-07,0
20240515112730-20240515172501,20240507000000-20240510000000,2024-05-15 17:23:01,Dummy,1.00e-01,1.00e-02,0.000e+00,1.00e-01,1.00e-01,1.00e-01,1.00e-01,1.00e-01,1.00e-07,1.00e-07,1.00e-07,1.00e-07,1.00e-07,1.00e-07,1.00e-07,1.00e-07,0.,1.00e-07,1.00e-07,1.00e-07,1.00e-07,0.,1.00e-07,1.00e-07,0
20240515233230-20240515235740,20240507000000-20240510000000,2024-05-15 23:55:40,Dummy,1.00e-01,1.00e-02,0.000e+00,1.00e-01,1.00e-01,1.00e-01,1.00e-01,1.00e-01,1.00e-07,1.00e-07,1.00e-07,1.00e-07,1.00e-07,1.00e-07,1.00e-07,1.00e-07,0.,1.00e-07,1.00e-07,1.00e-07,1.00e-07,0.,1.00e-07,1.00e-07,0
20240516113200-20240516172936,20240508000000-20240511000000,2024-05-16 17:27:36,Dummy,1.00e-01,1.00e-02,0.000e+00,1.00e-01,1.00e-01,1.00e-01,1.00e-01,1.00e-01,1.00e-07,1.00e-07,1.00e-07,1.00e-07,1.00e-07,1.00e-07,1.00e-07,1.00e-07,0.,1.00e-07,1.00e-07,1.00e-07,1.00e-07,0.,1.00e-07,1.00e-07,0
20240612084930-20240612144717,20240604000000-20240607000000,2024-06-12 14:45:17,Dummy,1.00e-01,1.00e-02,0.000e+00,1.00e-01,1.00e-01,1.00e-01,1.00e-01,1.00e-01,1.00e-07,1.00e-07,1.00e-07,1.00e-07,1.00e-07,1.00e-07,1.00e-07,1.00e-07,0.,1.00e-07,1.00e-07,1.00e-07,1.00e-07,0.,1.00e-07,1.00e-07,0
20240701101830-20240701161623,20240623000000-20240626000000,2024-07-01 16:14:23,Dummy,1.00e-01,1.00e-02,0.000e+00,1.00e-01,1.00e-01,1.00e-01,1.00e-01,1.00e-01,1.00e-07,1.00e-07,1.00e-07,1.00e-07,1.00e-07,1.00e-07,1.00e-07,1.00e-07,0.,1.00e-07,1.00e-07,1.00e-07,1.00e-07,0.,1.00e-07,1.00e-07,0
20240701101830-20240701161623,20240623000000-20240626000000,2024-07-01 16:14:23,Dummy,1.00e-01,1.00e-02,0.000e+00,1.00e-01,1.00e-01,1.00e-01,1.00e-01,1.00e-01,1.00e-07,1.00e-07,1.00e-07,1.00e-07,1.00e-07,1.00e-07,1.00e-07,1.00e-07,0.,1.00e-07,1.00e-07,1.00e-07,1.00e-07,0.,1.00e-07,1.00e-07,0
20240701101830-20240701161623,20240623000000-20240626000000,2024-07-01 16:14:23,Dummy,1.00e-01,1.00e-02,0.000e+00,1.00e-01,1.00e-01,1.00e-01,1.00e-01,1.00e-01,1.00e-07,1.00e-07,1.00e-07,1.00e-07,1.00e-07,1.00e-07,1.00e-07,1.00e-07,0.,1.00e-07,1.00e-07,1.00e-07,1.00e-07,0.,1.00e-07,1.00e-07,0
20240701101830-20240701161623,20240623000000-20240626000000,2024-07-01 16:14:23,Dummy,1.00e-01,1.00e-02,0.000e+00,1.00e-01,1.00e-01,1.00e-01,1.00e-01,1.00e-01,1.00e-07,1.00e-07,1.00e-07,1.00e-07,1.00e-07,1.00e-07,1.00e-07,1.00e-07,0.,1.00e-07,1.00e-07,1.00e-07,1.00e-07,0.,1.00e-07,1.00e-07,0
